0, 7 39;
1, 12 42;
2, 14 37;
3, 15 142;
4, 10 49;
5, 15 70;
6, 8 58;
7, 11 49;
8, 10 40;
9, 12 42;
10, 5 38;
11, 12 37;
12, 12 58;
13, 15 32;
14, 7 42;
15, 13 68;
16, 10 49;
17, 8 61;
18, 12 40;
19, 12 57;
20, 11 29;
21, 14 44;
22, 11 35;
23, 8 43;
24, 13 43;
25, 13 34;
26, 7 47;
27, 9 43;
28, 15 29;
29, 5 32;
30, 10 30;
31, 12 67;
32, 13 46;
33, 10 39;
34, 14 38;
35, 9 50;
36, 7 41;
37, 10 31;
38, 12 35;
39, 14 44;
40, 12 46;
41, 8 84;
42, 12 47;
43, 15 37;
44, 13 28;
45, 15 39;
46, 13 22;
47, 14 49;
48, 11 39;
49, 9 37;
50, 9 27;
51, 10 35;
52, 13 35;
53, 15 46;
54, 13 60;
55, 13 42;
56, 11 26;
57, 15 35;
58, 7 41;
59, 14 35;
60, 12 34;
61, 12 40;
62, 12 31;
63, 12 24;
64, 15 35;
65, 11 27;
66, 13 58;
67, 15 48;
68, 15 42;
69, 14 58;
70, 9 43;
71, 8 36;
72, 11 43;
73, 9 46;
74, 15 53;
75, 13 60;
76, 12 38;
77, 15 38;
78, 8 37;
79, 15 44;
80, 12 47;
81, 11 51;
82, 15 45;
83, 9 24;
84, 13 43;
85, 9 39;
86, 10 45;
87, 9 28;
88, 8 40;
89, 15 35;
90, 15 38;
91, 15 39;
92, 7 38;
93, 8 44;
94, 8 24;
95, 8 35;
96, 12 72;
97, 11 74;
98, 15 31;
99, 11 49;
100, 15 31;
101, 7 48;
102, 13 28;
103, 13 41;
104, 11 62;
105, 7 21;
106, 14 57;
107, 14 58;
108, 15 32;
109, 13 64;
110, 9 37;
111, 8 58;
112, 9 48;
113, 12 52;
114, 15 63;
115, 10 43;
116, 11 54;
117, 11 46;
118, 9 35;
119, 12 41;
120, 13 62;
121, 9 28;
122, 9 39;
123, 8 39;
124, 15 95;
125, 9 35;
126, 13 50;
127, 10 63;
128, 9 34;
129, 14 58;
130, 11 16;
131, 7 35;
132, 8 59;
133, 10 38;
134, 8 34;
135, 14 58;
136, 12 53;
137, 15 35;
138, 8 39;
139, 9 28;
140, 9 40;
141, 15 54;
142, 14 33;
143, 7 41;
144, 9 28;
145, 12 48;
146, 9 54;
147, 11 66;
148, 15 52;
149, 11 37;
150, 11 46;
151, 11 43;
152, 9 50;
153, 15 27;
154, 14 34;
155, 12 32;
156, 13 40;
157, 8 26;
158, 12 52;
159, 15 28;
160, 8 31;
161, 9 65;
162, 9 33;
163, 12 48;
164, 9 21;
165, 7 40;
166, 9 43;
167, 14 37;
168, 14 28;
169, 12 51;
170, 8 45;
171, 14 54;
172, 9 42;
173, 14 27;
174, 7 21;
175, 12 53;
176, 12 31;
177, 9 42;
178, 10 35;
179, 9 29;
180, 15 43;
181, 14 49;
182, 13 39;
183, 8 36;
184, 9 57;
185, 11 53;
186, 14 36;
187, 9 38;
188, 12 61;
189, 13 31;
190, 14 65;
191, 10 51;
192, 15 34;
193, 14 66;
194, 12 80;
195, 10 28;
196, 15 45;
197, 14 40;
198, 14 34;
199, 12 47;
200, 14 59;
201, 7 36;
202, 11 44;
203, 7 32;
204, 9 37;
205, 11 36;
206, 10 27;
207, 12 36;
208, 11 78;
209, 11 32;
210, 7 140;
211, 8 44;
212, 14 34;
213, 14 34;
214, 14 45;
215, 10 41;
216, 15 42;
217, 11 38;
218, 9 46;
219, 15 32;
220, 14 53;
221, 11 28;
222, 12 38;
223, 9 50;
224, 14 38;
225, 15 24;
226, 10 39;
227, 15 40;
228, 13 38;
229, 15 58;
230, 13 35;
231, 10 27;
232, 15 42;
233, 9 33;
234, 11 33;
235, 12 148;
236, 6 72;
237, 15 58;
238, 14 38;
239, 10 66;
240, 9 30;
241, 13 68;
242, 10 62;
243, 10 23;
244, 12 31;
245, 14 52;
246, 11 50;
247, 14 56;
248, 13 58;
249, 15 33;
250, 11 67;
251, 14 35;
252, 12 53;
253, 9 35;
254, 7 36;
255, 11 53;
256, 12 31;
257, 12 57;
258, 12 34;
259, 10 36;
260, 15 24;
261, 15 35;
262, 14 55;
263, 5 35;
264, 8 82;
265, 7 33;
266, 10 37;
267, 15 35;
268, 14 57;
269, 12 35;
270, 12 40;
271, 10 24;
272, 14 56;
273, 9 53;
274, 12 62;
275, 9 27;
276, 8 59;
277, 11 39;
278, 13 28;
279, 13 31;
280, 15 36;
281, 9 52;
282, 10 39;
283, 12 34;
284, 9 48;
285, 11 35;
286, 9 36;
287, 13 43;
288, 9 46;
289, 6 39;
290, 13 34;
291, 8 42;
292, 8 36;
293, 13 33;
294, 15 71;
295, 13 34;
296, 9 34;
297, 11 32;
298, 13 71;
299, 14 44;
300, 15 23;
