0, 8 139;
1, 12 105;
2, 10 101;
3, 9 146;
4, 11 141;
5, 14 142;
6, 14 146;
7, 13 146;
8, 11 142;
9, 11 142;
10, 7 141;
11, 15 25;
12, 7 145;
13, 10 145;
14, 15 152;
15, 10 133;
16, 12 141;
17, 12 142;
18, 9 125;
19, 14 142;
20, 12 142;
21, 15 97;
22, 14 142;
23, 10 142;
24, 9 106;
25, 11 78;
26, 15 152;
27, 12 123;
28, 9 142;
29, 15 142;
30, 15 154;
31, 7 155;
32, 15 142;
33, 15 141;
34, 13 146;
35, 15 119;
36, 14 142;
37, 14 122;
38, 11 152;
39, 9 142;
40, 7 142;
41, 12 146;
42, 7 142;
43, 12 140;
44, 15 141;
45, 11 142;
46, 9 142;
47, 6 145;
48, 15 150;
49, 13 135;
50, 8 146;
51, 12 133;
52, 14 142;
53, 11 141;
54, 15 149;
55, 11 152;
56, 7 138;
57, 15 152;
58, 11 81;
59, 8 101;
60, 10 144;
61, 6 136;
62, 13 141;
63, 14 82;
64, 13 124;
65, 12 125;
66, 8 137;
67, 15 102;
68, 13 133;
69, 13 149;
70, 9 142;
71, 9 148;
72, 13 120;
73, 9 99;
74, 9 117;
75, 11 135;
76, 13 136;
77, 10 120;
78, 10 117;
79, 7 139;
80, 14 123;
81, 11 141;
82, 11 90;
83, 14 142;
84, 10 146;
85, 9 71;
86, 15 142;
87, 12 135;
88, 6 152;
89, 11 152;
90, 12 142;
91, 6 146;
92, 10 142;
93, 8 145;
94, 15 139;
95, 13 152;
